[
  {
    "m00": -0.440667838,
    "m01": 0.403338224,
    "m02": -0.801953733,
    "m03": -7.204359,
    "m10": 0.403338343,
    "m11": 0.887078941,
    "m12": 0.224519938,
    "m13": 6.798382,
    "m20": 0.801953852,
    "m21": -0.224519968,
    "m22": -0.553589,
    "m23": 28.59713,
    "m30": 0.0,
    "m31": 0.0,
    "m32": 0.0,
    "m33": 1.0
  },
  {
    "m00": 0.6717162,
    "m01": -0.525732636,
    "m02": -0.521921933,
    "m03": -18.5881348,
    "m10": -0.525732636,
    "m11": 0.1580613,
    "m12": -0.835835934,
    "m13": -47.6290359,
    "m20": 0.521922052,
    "m21": 0.835836053,
    "m22": -0.170222431,
    "m23": -43.56298,
    "m30": 0.0,
    "m31": 0.0,
    "m32": 0.0,
    "m33": 1.0
  },
  {
    "m00": 0.471747249,
    "m01": 0.525903046,
    "m02": 0.7077291,
    "m03": -3.87257767,
    "m10": 0.525903,
    "m11": 0.476436317,
    "m12": -0.704580963,
    "m13": 7.400997,
    "m20": -0.707729161,
    "m21": 0.704580963,
    "m22": -0.0518164672,
    "m23": -39.02378,
    "m30": 0.0,
    "m31": 0.0,
    "m32": 0.0,
    "m33": 1.0
  },
  {
    "m00": 0.8645746,
    "m01": -0.361048251,
    "m02": 0.349506766,
    "m03": 32.0154533,
    "m10": -0.3610483,
    "m11": 0.03743449,
    "m12": 0.9317955,
    "m13": -1.68618774,
    "m20": -0.3495068,
    "m21": -0.9317956,
    "m22": -0.09799093,
    "m23": -24.4308987,
    "m30": 0.0,
    "m31": 0.0,
    "m32": 0.0,
    "m33": 1.0
  },
  {
    "m00": -0.336306334,
    "m01": -0.7217359,
    "m02": 0.6049755,
    "m03": 35.09719,
    "m10": -0.7217359,
    "m11": 0.6101922,
    "m12": 0.3267458,
    "m13": 32.42805,
    "m20": -0.6049755,
    "m21": -0.3267459,
    "m22": -0.726114035,
    "m23": -18.3814964,
    "m30": 0.0,
    "m31": 0.0,
    "m32": 0.0,
    "m33": 1.0
  },
  {
    "m00": 0.9089633,
    "m01": 0.369041741,
    "m02": -0.1938917,
    "m03": 16.1035881,
    "m10": 0.369041681,
    "m11": -0.496009052,
    "m12": 0.7859918,
    "m13": -30.6224823,
    "m20": 0.1938917,
    "m21": -0.7859919,
    "m22": -0.587045848,
    "m23": 44.81249,
    "m30": 0.0,
    "m31": 0.0,
    "m32": 0.0,
    "m33": 1.0
  },
  {
    "m00": 0.5902937,
    "m01": 0.08422217,
    "m02": -0.802782536,
    "m03": 28.179266,
    "m10": 0.08422223,
    "m11": 0.9826867,
    "m12": 0.16502586,
    "m13": -40.9450722,
    "m20": 0.802782655,
    "m21": -0.165025815,
    "m22": 0.5729803,
    "m23": 34.41223,
    "m30": 0.0,
    "m31": 0.0,
    "m32": 0.0,
    "m33": 1.0
  },
  {
    "m00": 0.9910549,
    "m01": 0.0450333655,
    "m02": -0.125627488,
    "m03": 19.6031075,
    "m10": 0.0450333171,
    "m11": 0.773284733,
    "m12": 0.632457554,
    "m13": -6.5186305,
    "m20": 0.125627428,
    "m21": -0.6324576,
    "m22": 0.7643395,
    "m23": 30.03217,
    "m30": 0.0,
    "m31": 0.0,
    "m32": 0.0,
    "m33": 1.0
  },
  {
    "m00": 0.47047174,
    "m01": -0.3005642,
    "m02": 0.829649,
    "m03": -38.629982,
    "m10": -0.3005643,
    "m11": 0.8293975,
    "m12": 0.470915049,
    "m13": 6.132824,
    "m20": -0.8296491,
    "m21": -0.470915139,
    "m22": 0.29986915,
    "m23": 40.9474869,
    "m30": 0.0,
    "m31": 0.0,
    "m32": 0.0,
    "m33": 1.0
  },
  {
    "m00": 0.6919904,
    "m01": 0.373027325,
    "m02": 0.618061364,
    "m03": 15.241909,
    "m10": 0.373027325,
    "m11": 0.5482305,
    "m12": -0.7485279,
    "m13": -26.9873848,
    "m20": -0.6180614,
    "m21": 0.7485279,
    "m22": 0.2402209,
    "m23": -42.3920975,
    "m30": 0.0,
    "m31": 0.0,
    "m32": 0.0,
    "m33": 1.0
  },
  {
    "m00": 0.0445314348,
    "m01": 0.400870085,
    "m02": -0.915051937,
    "m03": 46.16946,
    "m10": 0.400870174,
    "m11": 0.831813633,
    "m12": 0.38391307,
    "m13": -36.533226,
    "m20": 0.915052056,
    "m21": -0.38391313,
    "m22": -0.123655066,
    "m23": -29.262722,
    "m30": 0.0,
    "m31": 0.0,
    "m32": 0.0,
    "m33": 1.0
  },
  {
    "m00": 0.799129546,
    "m01": 0.248843566,
    "m02": 0.547237635,
    "m03": -1.08466721,
    "m10": 0.248843521,
    "m11": 0.691726446,
    "m12": -0.677931666,
    "m13": -14.50024,
    "m20": -0.5472377,
    "m21": 0.6779318,
    "m22": 0.4908558,
    "m23": 3.17986679,
    "m30": 0.0,
    "m31": 0.0,
    "m32": 0.0,
    "m33": 1.0
  },
  {
    "m00": 0.9919207,
    "m01": 0.0348948836,
    "m02": 0.12196669,
    "m03": 42.33282,
    "m10": 0.0348948538,
    "m11": 0.849289656,
    "m12": -0.526772559,
    "m13": -42.1070175,
    "m20": -0.121966749,
    "m21": 0.5267726,
    "m22": 0.8412102,
    "m23": 36.81328,
    "m30": 0.0,
    "m31": 0.0,
    "m32": 0.0,
    "m33": 1.0
  },
  {
    "m00": 0.3081416,
    "m01": -0.208779961,
    "m02": -0.9281484,
    "m03": 48.6920242,
    "m10": -0.208779931,
    "m11": 0.9369972,
    "m12": -0.280084461,
    "m13": -22.017952,
    "m20": 0.9281486,
    "m21": 0.280084521,
    "m22": 0.245138675,
    "m23": 36.46617,
    "m30": 0.0,
    "m31": 0.0,
    "m32": 0.0,
    "m33": 1.0
  },
  {
    "m00": 0.9171216,
    "m01": 0.393664658,
    "m02": -0.06258044,
    "m03": -20.1422462,
    "m10": 0.393664569,
    "m11": -0.8698679,
    "m12": 0.297250718,
    "m13": -45.6641541,
    "m20": 0.06258038,
    "m21": -0.297250748,
    "m22": -0.9527463,
    "m23": -1.25389862,
    "m30": 0.0,
    "m31": 0.0,
    "m32": 0.0,
    "m33": 1.0
  },
  {
    "m00": 0.8656056,
    "m01": 0.0806533545,
    "m02": 0.4941882,
    "m03": 2.99476051,
    "m10": 0.08065334,
    "m11": 0.951598048,
    "m12": -0.296574175,
    "m13": -34.895546,
    "m20": -0.494188249,
    "m21": 0.296574235,
    "m22": 0.8172035,
    "m23": -46.76891,
    "m30": 0.0,
    "m31": 0.0,
    "m32": 0.0,
    "m33": 1.0
  },
  {
    "m00": 0.7871791,
    "m01": -0.562969863,
    "m02": 0.25182128,
    "m03": -27.2400112,
    "m10": -0.5629699,
    "m11": -0.4892106,
    "m12": 0.6661366,
    "m13": -33.4036255,
    "m20": -0.2518213,
    "m21": -0.6661368,
    "m22": -0.7020314,
    "m23": 19.9147682,
    "m30": 0.0,
    "m31": 0.0,
    "m32": 0.0,
    "m33": 1.0
  },
  {
    "m00": 0.7191978,
    "m01": -0.06606516,
    "m02": -0.6916574,
    "m03": 27.854681,
    "m10": -0.06606513,
    "m11": 0.984456658,
    "m12": -0.16272822,
    "m13": 14.6868343,
    "m20": 0.6916575,
    "m21": 0.162728265,
    "m22": 0.703654349,
    "m23": -15.9917278,
    "m30": 0.0,
    "m31": 0.0,
    "m32": 0.0,
    "m33": 1.0
  },
  {
    "m00": -0.167187124,
    "m01": -0.6339769,
    "m02": 0.7550643,
    "m03": 38.0219421,
    "m10": -0.6339769,
    "m11": 0.655645,
    "m12": 0.410125554,
    "m13": 13.4887352,
    "m20": -0.7550643,
    "m21": -0.4101256,
    "m22": -0.511542,
    "m23": 1.166729,
    "m30": 0.0,
    "m31": 0.0,
    "m32": 0.0,
    "m33": 1.0
  },
  {
    "m00": 0.486246675,
    "m01": 0.394442171,
    "m02": -0.779730439,
    "m03": 20.1189613,
    "m10": 0.39444223,
    "m11": 0.6971609,
    "m12": 0.598650157,
    "m13": 45.6171265,
    "m20": 0.7797305,
    "m21": -0.5986503,
    "m22": 0.183407456,
    "m23": -34.3351746,
    "m30": 0.0,
    "m31": 0.0,
    "m32": 0.0,
    "m33": 1.0
  }
]